1,Probando,Desconocido,120.000000,4
2,Soloun Libro,Desconocido,230.000000,4
5,Buscando A Nemo,Disney,135.000000,2
4,El Hobit,J R R Tolkien,320.000000,1
3,Sopa De Diamantes,No Me Acuerdo,660.000000,2
